* 3DEC grid produced by 3DEC 7.00 Release 146
* 周一 1月 9 11:15:23 2023
TOL   3.58000000000000e-04
* GRIDPOINTS
G         1   1.65697389887842e-03   7.28466610569663e-04  -1.76017062109077e-04
G         2   2.16656806853964e-01   7.06215839113869e-04  -4.43101670072895e-04
G         3   2.16666899238458e-01   1.03205375455097e-01  -8.58042823741300e-04
G         4   1.66706628336931e-03   1.03227626226553e-01  -5.90958215777480e-04
G         5   1.73774697842568e-03   9.91591870162723e-04   6.48234001722574e-02
G         6   2.16737579933513e-01   9.69341098706930e-04   6.45563155642941e-02
G         7   1.74783936291661e-03   1.03490751486146e-01   6.44084590185905e-02
G         8   2.16747672318003e-01   1.03468500714689e-01   6.41413744106255e-02
G         9   2.18044207048612e-01   1.26624455728119e-03  -2.87573137223675e-05
G        10   4.33042111513976e-01   1.23008083913813e-03  -9.77318163889408e-04
G        11   4.33055181725121e-01   1.03725722085182e-01  -1.92249260915023e-03
G        12   2.18057277259754e-01   1.03761885803325e-01  -9.73931758983182e-04
G        13   2.18331069881755e-01   1.86558106403803e-03   6.49678464857587e-02
G        14   4.33328974347121e-01   1.82941734589496e-03   6.40192856355906e-02
G        15   2.18344140092887e-01   1.04361222310082e-01   6.40226720404986e-02
G        16   4.33342044558252e-01   1.04325058591938e-01   6.30741111903308e-02
G        17   4.51022195409824e-03   2.25829000456039e-03   6.46931472710440e-02
G        18   1.12006527925722e-01   2.21474672946308e-03   6.38030313021642e-02
G        19   1.12039068262718e-01   1.04709008423858e-01   6.27189368195020e-02
G        20   4.54276229109355e-03   1.04752551698957e-01   6.36090527883838e-02
G        21   5.04867994298145e-03   2.94557006717136e-03   1.29687283230451e-01
G        22   1.12544985914607e-01   2.90202679207406e-03   1.28797167261568e-01
G        23   5.08122027997655e-03   1.05439831761566e-01   1.28603188747788e-01
G        24   1.12577526251601e-01   1.05396288486469e-01   1.27713072778908e-01
G        25   1.24553370500059e-01   7.57395133145315e-03   6.44795110715759e-02
G        26   3.39551760794006e-01   7.63852548905867e-03   6.36500526995918e-02
G        27   3.39515981970875e-01   1.10130339553339e-01   6.23551512789854e-02
G        28   1.24517591676932e-01   1.10065765395732e-01   6.31846096509725e-02
G        29   1.24803870327369e-01   8.39518971485251e-03   1.29473840188466e-01
G        30   3.39802260621317e-01   8.45976387245810e-03   1.28644381816478e-01
G        31   1.24768091504244e-01   1.10887003779134e-01   1.28178938767856e-01
G        32   3.39766481798183e-01   1.10951577936737e-01   1.27349480395871e-01
G        33   3.39988332906070e-01   7.78019100442465e-03   6.43836910286660e-02
G        34   4.47484410132366e-01   7.75070493107241e-03   6.34658067603662e-02
G        35   4.47498874776889e-01   1.10238241733469e-01   6.18674979818803e-02
G        36   3.40002797550585e-01   1.10267727806821e-01   6.27853822501797e-02
G        37   3.40543543221456e-01   8.79363736230581e-03   1.29373418432197e-01
G        38   4.48039620447740e-01   8.76415128895361e-03   1.28455534163899e-01
G        39   3.40558007865968e-01   1.11281174164703e-01   1.27775109653715e-01
G        40   4.48054085092259e-01   1.11251688091350e-01   1.26857225385411e-01
G        41   3.72615811480739e-03   1.04205653700164e-01  -4.48039173560130e-05
G        42   2.18725403229148e-01   1.04186269458858e-01  -6.14211076953172e-04
G        43   2.18731955139524e-01   2.06681240451796e-01  -1.62953281376315e-03
G        44   3.73271002518004e-03   2.06700624693101e-01  -1.06012565416601e-03
G        45   3.89835406945727e-03   1.04849503000527e-01   6.49517791207667e-02
G        46   2.18897599183799e-01   1.04830118759221e-01   6.43823719611702e-02
G        47   3.90490597982979e-03   2.07344473993467e-01   6.39364573839560e-02
G        48   2.18904151094174e-01   2.07325089752157e-01   6.33670502243596e-02
G        49   2.18831879147457e-01   1.04219673766965e-01  -5.92097202292783e-04
G        50   4.33831677134743e-01   1.04233764928452e-01  -8.86489572930064e-04
G        51   4.33823900768947e-01   2.06730848565735e-01  -1.65965538975383e-03
G        52   2.18824102781662e-01   2.06716757404246e-01  -1.36526301911654e-03
G        53   2.18920846825327e-01   1.04709980332706e-01   6.44059926482852e-02
G        54   4.33920644812603e-01   1.04724071494191e-01   6.41116002776492e-02
G        55   2.18913070459531e-01   2.07207063969985e-01   6.36328268314627e-02
G        56   4.33912868446817e-01   2.07221155131471e-01   6.33384344608266e-02
G        57   1.28713522001053e-02   1.08867944356415e-01   6.45273073982024e-02
G        58   1.20363559712345e-01   1.08790777915190e-01   6.32352665760419e-02
G        59   1.20427345295099e-01   2.11287518864588e-01   6.24203885780284e-02
G        60   1.29351377828598e-02   2.11364685305811e-01   6.37124294001888e-02
G        61   1.36529322844358e-02   1.09384172638516e-01   1.29520558131896e-01
G        62   1.21145139796674e-01   1.09307006197290e-01   1.28228517309735e-01
G        63   1.37167178671902e-02   2.11880913587911e-01   1.28705680133883e-01
G        64   1.21208925379430e-01   2.11803747146688e-01   1.27413639311722e-01
G        65   1.24861891561688e-01   1.10649447713274e-01   6.36754423371913e-02
G        66   3.39860987568961e-01   1.10642909817803e-01   6.30520056445372e-02
G        67   3.39862327263216e-01   2.13141077515940e-01   6.24391298586560e-02
G        68   1.24863231255942e-01   2.13147615411417e-01   6.30625665513109e-02
G        69   1.25050380871429e-01   1.11038096553045e-01   1.28674007120263e-01
G        70   3.40049476878705e-01   1.11031558657573e-01   1.28050570427606e-01
G        71   1.25051720565682e-01   2.13536264251187e-01   1.28061131334386e-01
G        72   3.40050816572958e-01   2.13529726355714e-01   1.27437694641731e-01
G        73   3.40723562992705e-01   1.11216518081332e-01   6.35746185237614e-02
G        74   4.48220620283556e-01   1.11159895801239e-01   6.27812285043624e-02
G        75   4.48270879076332e-01   2.13658637098051e-01   6.22757518749201e-02
G        76   3.40773821785473e-01   2.13715259378151e-01   6.30691418943187e-02
G        77   3.41203450137159e-01   1.11536820238932e-01   1.28572057818368e-01
G        78   4.48700507428019e-01   1.11480197958837e-01   1.27778667798973e-01
G        79   3.41253708929930e-01   2.14035561535741e-01   1.28066581188928e-01
G        80   4.48750766220794e-01   2.13978939255648e-01   1.27273191169527e-01
G        81   0.00000000000000e+00   0.00000000000000e+00  -6.50000000000000e-02
G        82   4.30000000000000e-01   0.00000000000000e+00  -6.50000000000000e-02
G        83   4.30000000000000e-01   2.05000000000000e-01  -6.50000000000000e-02
G        84   0.00000000000000e+00   2.05000000000000e-01  -6.50000000000000e-02
G        85   0.00000000000000e+00   0.00000000000000e+00   0.00000000000000e+00
G        86   4.30000000000000e-01   0.00000000000000e+00   0.00000000000000e+00
G        87   0.00000000000000e+00   2.05000000000000e-01   0.00000000000000e+00
G        88   4.30000000000000e-01   2.05000000000000e-01   0.00000000000000e+00
G        89   2.18560334656173e-02   1.04197368847815e-02   1.27356944790583e-01
G        90   4.51856033464718e-01   1.04197368847815e-02   1.27356944790583e-01
G        91   4.51856033464718e-01   2.15419736884981e-01   1.27356944790583e-01
G        92   2.18560334656173e-02   2.15419736884981e-01   1.27356944790583e-01
G        93   2.18560334656173e-02   1.04197368847815e-02   1.92356944790583e-01
G        94   4.51856033464718e-01   1.04197368847815e-02   1.92356944790583e-01
G        95   2.18560334656173e-02   2.15419736884981e-01   1.92356944790583e-01
G        96   4.51856033464718e-01   2.15419736884981e-01   1.92356944790583e-01
G        97   2.36856033466244e-01   2.15419736884981e-01   1.92356944790583e-01
G        98   2.18560334656173e-02   2.15419736884981e-01   1.59856944790583e-01
G        99   2.36856033466244e-01   2.15419736884981e-01   1.27356944790583e-01
G       100   4.51856033464718e-01   2.15419736884981e-01   1.59856944790583e-01
G       101   4.51856033464718e-01   1.12919736884981e-01   1.27356944790583e-01
G       102   4.51856033464718e-01   1.04197368847815e-02   1.59856944790583e-01
G       103   4.51856033464718e-01   1.12919736884981e-01   1.92356944790583e-01
G       104   2.36856033466244e-01   1.04197368847815e-02   1.92356944790583e-01
G       105   2.18560334656173e-02   1.12919736884981e-01   1.92356944790583e-01
G       106   2.18560334656173e-02   1.12919736884981e-01   1.27356944790583e-01
G       107   2.18560334656173e-02   1.04197368847815e-02   1.59856944790583e-01
G       108   2.36856033466244e-01   1.04197368847815e-02   1.27356944790583e-01
G       109   2.36856033466244e-01   2.15419736884981e-01   1.59856944790583e-01
G       110   4.51856033464718e-01   1.12919736884981e-01   1.59856944790583e-01
G       111   2.36856033466244e-01   1.12919736884981e-01   1.92356944790583e-01
G       112   2.18560334656173e-02   1.12919736884981e-01   1.59856944790583e-01
G       113   2.36856033466244e-01   1.04197368847815e-02   1.59856944790583e-01
G       114   2.36856033466244e-01   1.12919736884981e-01   1.27356944790583e-01
G       115   2.15000000000000e-01   2.05000000000000e-01   0.00000000000000e+00
G       116   0.00000000000000e+00   2.05000000000000e-01  -3.25000000000000e-02
G       117   2.15000000000000e-01   2.05000000000000e-01  -6.50000000000000e-02
G       118   4.30000000000000e-01   2.05000000000000e-01  -3.25000000000000e-02
G       119   4.30000000000000e-01   1.02500000000000e-01  -6.50000000000000e-02
G       120   4.30000000000000e-01   0.00000000000000e+00  -3.25000000000000e-02
G       121   4.30000000000000e-01   1.02500000000000e-01   0.00000000000000e+00
G       122   2.15000000000000e-01   0.00000000000000e+00   0.00000000000000e+00
G       123   0.00000000000000e+00   1.02500000000000e-01   0.00000000000000e+00
G       124   0.00000000000000e+00   1.02500000000000e-01  -6.50000000000000e-02
G       125   0.00000000000000e+00   0.00000000000000e+00  -3.25000000000000e-02
G       126   2.15000000000000e-01   0.00000000000000e+00  -6.50000000000000e-02
G       127   2.15000000000000e-01   2.05000000000000e-01  -3.25000000000000e-02
G       128   4.30000000000000e-01   1.02500000000000e-01  -3.25000000000000e-02
G       129   2.15000000000000e-01   1.02500000000000e-01   0.00000000000000e+00
G       130   0.00000000000000e+00   1.02500000000000e-01  -3.25000000000000e-02
G       131   2.15000000000000e-01   0.00000000000000e+00  -3.25000000000000e-02
G       132   2.15000000000000e-01   1.02500000000000e-01  -6.50000000000000e-02
G       133   3.95002237575367e-01   2.14007250395695e-01   1.27669886179228e-01
G       134   3.41013765357701e-01   2.13875410456946e-01   9.55678615416242e-02
G       135   3.94522350430900e-01   2.13686948238098e-01   6.26724468846211e-02
G       136   4.48510822648556e-01   2.13818788176850e-01   9.47744715222258e-02
G       137   4.48245749679947e-01   1.62409266449644e-01   6.25284901896414e-02
G       138   4.48460563855793e-01   1.11320046880039e-01   9.52799481516668e-02
G       139   4.48725636824407e-01   1.62729568607242e-01   1.27525929484251e-01
G       140   3.94951978782589e-01   1.11508509098884e-01   1.28175362808672e-01
G       141   3.41228579533548e-01   1.62786190887337e-01   1.28319319503651e-01
G       142   3.40748692389087e-01   1.62465888729737e-01   6.33218802090402e-02
G       143   3.40963506564928e-01   1.11376669160132e-01   9.60733381710660e-02
G       144   3.94472091638130e-01   1.11188206941286e-01   6.31779235140626e-02
G       145   3.94762294003132e-01   2.13847099316899e-01   9.51711665319253e-02
G       146   4.48485693252178e-01   1.62569417528443e-01   9.50272098369457e-02
G       147   3.94977108178975e-01   1.62757879747288e-01   1.27922624493953e-01
G       148   3.40988635961321e-01   1.62626039808539e-01   9.58205998563451e-02
G       149   3.94712035210360e-01   1.11348358020084e-01   9.56766431613674e-02
G       150   3.94497221034510e-01   1.62437577589695e-01   6.29251851993391e-02
G       151   2.32551268569319e-01   2.13532995303451e-01   1.27749412988059e-01
G       152   1.24957475910813e-01   2.13341939831301e-01   9.55618489428487e-02
G       153   2.32362779259581e-01   2.13144346463681e-01   6.27508482049841e-02
G       154   3.39956571918090e-01   2.13335401935828e-01   9.49384122501925e-02
G       155   3.39861657416094e-01   1.61891993666876e-01   6.27455677515953e-02
G       156   3.39955232223834e-01   1.10837234237689e-01   9.55512880360723e-02
G       157   3.40050146725834e-01   1.62280642506645e-01   1.27744132534668e-01
G       158   2.32549928875068e-01   1.11034827605308e-01   1.28362288773939e-01
G       159   1.25051050718554e-01   1.62287180402116e-01   1.28367569227325e-01
G       160   1.24862561408815e-01   1.61898531562345e-01   6.33690044442504e-02
G       161   1.24956136216557e-01   1.10843772133159e-01   9.61747247287273e-02
G       162   2.32361439565324e-01   1.10646178765539e-01   6.33637239908633e-02
G       163   2.32457023914451e-01   2.13338670883563e-01   9.52501305965200e-02
G       164   3.39955902070956e-01   1.62086318086760e-01   9.52448501431326e-02
G       165   2.32550598722193e-01   1.62283911454379e-01   1.28055850881001e-01
G       166   1.24956806063685e-01   1.62092855982230e-01   9.58682868357889e-02
G       167   2.32455684220198e-01   1.10840503185424e-01   9.58630063824008e-02
G       168   2.32362109412452e-01   1.61895262614609e-01   6.30572860979247e-02
G       169   6.74628216233100e-02   2.11842330367301e-01   1.28059659722802e-01
G       170   1.33259278250251e-02   2.11622799446862e-01   9.62090547670356e-02
G       171   6.66812415389793e-02   2.11326102085199e-01   6.30664089891112e-02
G       172   1.20818135337265e-01   2.11545633005635e-01   9.49170139448768e-02
G       173   1.20395452503722e-01   1.60039148389886e-01   6.28278275770352e-02
G       174   1.20754349754511e-01   1.09048892056241e-01   9.57318919428887e-02
G       175   1.21177032588052e-01   1.60555376671987e-01   1.27821078310727e-01
G       176   6.73990360405549e-02   1.09345589417903e-01   1.28874537720812e-01
G       177   1.36848250758130e-02   1.60632543113213e-01   1.29113119132886e-01
G       178   1.29032449914825e-02   1.60116314831113e-01   6.41198683991966e-02
G       179   1.32621422422706e-02   1.09126058497464e-01   9.70239327650496e-02
G       180   6.66174559562240e-02   1.08829361135803e-01   6.38812869871233e-02
G       181   6.70720315811446e-02   2.11584216226250e-01   9.55630343559560e-02
G       182   1.20786242545887e-01   1.60297262530938e-01   9.53244529438797e-02
G       183   6.74309288319333e-02   1.60593959892601e-01   1.28467098721807e-01
G       184   1.32940350336477e-02   1.60374428972163e-01   9.66164937660430e-02
G       185   6.70082459983904e-02   1.09087475276853e-01   9.63779123539668e-02
G       186   6.66493487476013e-02   1.60077731610502e-01   6.34738479881176e-02
G       187   3.26412969453171e-01   2.07214109550728e-01   6.34856306461452e-02
G       188   2.18868586620598e-01   2.06961910687118e-01   3.11337819061726e-02
G       189   3.26324001775297e-01   2.06723802984990e-01  -1.51245920443519e-03
G       190   4.33868384607876e-01   2.06976001848603e-01   3.08393895355359e-02
G       191   4.33827788951844e-01   1.55482306747091e-01  -1.27307248134193e-03
G       192   4.33876160973676e-01   1.04478918211322e-01   3.16125553523592e-02
G       193   4.33916756629709e-01   1.55972613312829e-01   6.37250173692349e-02
G       194   3.26420745818972e-01   1.04717025913448e-01   6.42587964629689e-02
G       195   2.18916958642430e-01   1.55958522151350e-01   6.40194097398737e-02
G       196   2.18827990964558e-01   1.55468215585604e-01  -9.78680110704674e-04
G       197   2.18876362986389e-01   1.04464827049836e-01   3.19069477229970e-02
G       198   3.26331778141096e-01   1.04226719347710e-01  -7.39293387611432e-04
G       199   3.26368485614231e-01   2.06968956267862e-01   3.09865857208542e-02
G       200   4.33872272790772e-01   1.55727460029964e-01   3.12259724439469e-02
G       201   3.26416857636066e-01   1.55965567732086e-01   6.38722135545574e-02
G       202   2.18872474803496e-01   1.55713368868480e-01   3.15203648145843e-02
G       203   3.26376261980036e-01   1.04471872630580e-01   3.17597515376771e-02
G       204   3.26327889958197e-01   1.55475261166349e-01  -1.12587629602332e-03
G       205   1.11404528537002e-01   2.07334781872811e-01   6.36517538041581e-02
G       206   3.81880800250496e-03   2.07022549343286e-01   3.14381658648951e-02
G       207   1.11232332582352e-01   2.06690932572449e-01  -1.34482923396458e-03
G       208   2.18818053116850e-01   2.07003165101975e-01   3.08687587052981e-02
G       209   2.18728679184339e-01   1.55433754955329e-01  -1.12187194535816e-03
G       210   2.18811501206478e-01   1.04508194109040e-01   3.18840804421085e-02
G       211   2.18900875138992e-01   1.56077604255684e-01   6.38747110927646e-02
G       212   1.11397976626630e-01   1.04839810879872e-01   6.46670755409711e-02
G       213   3.90163002464349e-03   1.56096988496995e-01   6.44441182523625e-02
G       214   3.72943406999365e-03   1.55453139196631e-01  -5.52464785761008e-04
G       215   3.81225609213226e-03   1.04527578350347e-01   3.24534876017052e-02
G       216   1.11225780671980e-01   1.04195961579512e-01  -3.29507497154596e-04
G       217   1.11318430559679e-01   2.07012857222631e-01   3.11534622850968e-02
G       218   2.18814777161664e-01   1.55755679605509e-01   3.13764195737040e-02
G       219   1.11401252581814e-01   1.56087296376345e-01   6.41594146725630e-02
G       220   3.81553204731854e-03   1.55775063846815e-01   3.19458267333012e-02
G       221   1.11311878649303e-01   1.04517886229692e-01   3.21687840219069e-02
G       222   1.11229056627166e-01   1.55443447075983e-01  -8.37168365559609e-04
G       223   3.94306046479113e-01   1.11266431128027e-01   1.27316167519560e-01
G       224   3.40280402708273e-01   1.10774450985763e-01   9.52802459519469e-02
G       225   3.93750836163745e-01   1.10252984770145e-01   6.23264401160286e-02
G       226   4.47776479934577e-01   1.10744964912410e-01   9.43623616836455e-02
G       227   4.47491642454627e-01   5.89944733322703e-02   6.26666523711220e-02
G       228   4.47762015290058e-01   8.25742811001292e-03   9.59606704621317e-02
G       229   4.48046852769997e-01   6.00079196901520e-02   1.27656379774652e-01
G       230   3.94291581834597e-01   8.77889432562965e-03   1.28914476298048e-01
G       231   3.40550775543700e-01   6.00374057635044e-02   1.28574264042955e-01
G       232   3.39995565228334e-01   5.90239594056225e-02   6.35845366394233e-02
G       233   3.40265938063764e-01   8.28691418336527e-03   9.68785547304331e-02
G       234   3.93736371519223e-01   7.76544796774854e-03   6.39247488945163e-02
G       235   3.94028441321430e-01   1.10759707949085e-01   9.48213038177967e-02
G       236   4.47769247612308e-01   5.95011965112119e-02   9.51615160728879e-02
G       237   3.94298814156857e-01   6.00226627268276e-02   1.28115321908809e-01
G       238   3.40273170386019e-01   5.95306825845643e-02   9.60794003411883e-02
G       239   3.94013976676905e-01   8.27217114668900e-03   9.64196125962816e-02
G       240   3.93743603841480e-01   5.90092163689474e-02   6.31255945052716e-02
G       241   2.32267286651214e-01   1.10919290857934e-01   1.27764209581864e-01
G       242   1.24642841590587e-01   1.10476384587432e-01   9.56817742094148e-02
G       243   2.32016786823901e-01   1.10098052474536e-01   6.27698804649783e-02
G       244   3.39641231884536e-01   1.10540958745038e-01   9.48523158374278e-02
G       245   3.39533871382437e-01   5.88844325211992e-02   6.30026019892895e-02
G       246   3.39677010707655e-01   8.04914468075840e-03   9.61472172580355e-02
G       247   3.39784371209755e-01   5.97056709045967e-02   1.27996931106174e-01
G       248   2.32303065474341e-01   8.42747679365528e-03   1.29059111002473e-01
G       249   1.24785980915805e-01   5.96410967469915e-02   1.28826389478159e-01
G       250   1.24535481088496e-01   5.88198583635925e-02   6.38320603612756e-02
G       251   1.24678620413714e-01   7.98457052315282e-03   9.69766756300205e-02
G       252   2.32052565647031e-01   7.60623841025594e-03   6.40647818855849e-02
G       253   2.32142036737557e-01   1.10508671666235e-01   9.52670450234215e-02
G       254   3.39659121296091e-01   5.92950517128972e-02   9.54997665477339e-02
G       255   2.32285176062774e-01   5.96733838257953e-02   1.28411660292167e-01
G       256   1.24660731002151e-01   5.92304775552921e-02   9.63292249197166e-02
G       257   2.32177815560687e-01   8.01685760195559e-03   9.65619464440296e-02
G       258   2.32034676235467e-01   5.88521454423949e-02   6.34173311752832e-02
G       259   5.88293732657888e-02   1.05418060124016e-01   1.28158130763347e-01
G       260   4.81199128553506e-03   1.05096191730262e-01   9.61061207680859e-02
G       261   5.82909152769061e-02   1.04730780061408e-01   6.31639948039427e-02
G       262   1.12308297257160e-01   1.05052648455165e-01   9.52160047992044e-02
G       263   1.12022798094222e-01   5.34618775766601e-02   6.32609840608322e-02
G       264   1.12275756920165e-01   2.55838676076856e-03   9.63000992818666e-02
G       265   1.12561256083103e-01   5.41491576392718e-02   1.28255120020240e-01
G       266   5.87968329287940e-02   2.92379842962275e-03   1.29242225246005e-01
G       267   5.06495011147897e-03   5.41927009143694e-02   1.29145235989114e-01
G       268   4.52649212259587e-03   5.35054208517579e-02   6.41511000297133e-02
G       269   4.77945094853982e-03   2.60193003586589e-03   9.71902152507486e-02
G       270   5.82583749399108e-02   2.23651836701173e-03   6.42480892866048e-02
G       271   5.85601442713479e-02   1.05074420092711e-01   9.56610627836461e-02
G       272   1.12292027088662e-01   5.38055176079664e-02   9.57580520405372e-02
G       273   5.88131030972918e-02   5.41709292768203e-02   1.28700178004678e-01
G       274   4.79572111703740e-03   5.38490608830638e-02   9.66481680094174e-02
G       275   5.85276039343521e-02   2.58015839831726e-03   9.67451572663050e-02
G       276   5.82746451084079e-02   5.34836492142093e-02   6.37060420452756e-02
G       277   3.25843092325573e-01   1.04343140451010e-01   6.35483916154149e-02
G       278   2.18200708676318e-01   1.04061554056704e-01   3.15243701407576e-02
G       279   3.25556229492432e-01   1.03743803944253e-01  -1.44821218406667e-03
G       280   4.33198613141687e-01   1.04025390338560e-01   3.05758092905899e-02
G       281   4.33048646619552e-01   5.24779014621594e-02  -1.44990538651983e-03
G       282   4.33185542930546e-01   1.52974909251654e-03   3.15209837358505e-02
G       283   4.33335509452693e-01   5.30772379689165e-02   6.35466984129602e-02
G       284   3.25830022114434e-01   1.84749920496651e-03   6.44935660606760e-02
G       285   2.18337604987319e-01   5.31134016870594e-02   6.44952592631283e-02
G       286   2.18050742154177e-01   5.25140651803036e-02  -5.01344536352760e-04
G       287   2.18187638465184e-01   1.56591281065961e-03   3.24695445860177e-02
G       288   3.25543159281292e-01   1.24816269820966e-03  -5.03037738805879e-04
G       289   3.25699660909008e-01   1.04043472197631e-01   3.10500897156735e-02
G       290   4.33192078036116e-01   5.27775697155384e-02   3.10483965132209e-02
G       291   3.25836557220014e-01   5.30953198279885e-02   6.40209788380456e-02
G       292   2.18194173570749e-01   5.28137334336807e-02   3.19969573633876e-02
G       293   3.25686590697874e-01   1.54783095158807e-03   3.19952641609340e-02
G       294   3.25549694386862e-01   5.24959833212314e-02  -9.75624961436277e-04
G       295   1.09247755840459e-01   1.03479626100418e-01   6.42749167146075e-02
G       296   1.70745282314294e-03   1.03359188856348e-01   3.19087504014062e-02
G       297   1.09166982760914e-01   1.03216500840824e-01  -7.24500519759389e-04
G       298   2.16707285778230e-01   1.03336938084891e-01   3.16416657934425e-02
G       299   2.16661853046212e-01   5.19557956471060e-02  -6.50572246907103e-04
G       300   2.16697193393740e-01   8.37778468910407e-04   3.20566069471112e-02
G       301   2.16742626125758e-01   5.22189209066985e-02   6.43488449874606e-02
G       302   1.09237663455969e-01   9.80466484434843e-04   6.46898578682776e-02
G       303   1.74279317067114e-03   5.22411716781548e-02   6.46159295954245e-02
G       304   1.66202009112387e-03   5.19780464185616e-02  -3.83487638943279e-04
G       305   1.69736043865202e-03   8.60029240366195e-04   3.23236915550742e-02
G       306   1.09156890376423e-01   7.17341224841773e-04  -3.09559366090986e-04
G       307   1.09207369300686e-01   1.03348063470622e-01   3.17752080974236e-02
G       308   2.16702239585986e-01   5.20873582769011e-02   3.18491363702764e-02
G       309   1.09242709648215e-01   5.22300462924258e-02   6.44823872914413e-02
G       310   1.70240663089748e-03   5.21096090483576e-02   3.21162209782406e-02
G       311   1.09197276916196e-01   8.48903854638304e-04   3.21901492510923e-02
G       312   1.09161936568667e-01   5.19669210328332e-02  -5.17029942925188e-04
* FACES
F 1 1 2 3 4
F 2 1 5 6 2
F 3 1 4 7 5
F 4 8 6 5 7
F 5 8 3 2 6
F 6 8 7 4 3
F 7 9 10 11 12
F 8 9 13 14 10
F 9 9 12 15 13
F 10 16 14 13 15
F 11 16 11 10 14
F 12 16 15 12 11
F 13 17 18 19 20
F 14 17 21 22 18
F 15 17 20 23 21
F 16 24 22 21 23
F 17 24 19 18 22
F 18 24 23 20 19
F 19 25 26 27 28
F 20 25 29 30 26
F 21 25 28 31 29
F 22 32 30 29 31
F 23 32 27 26 30
F 24 32 31 28 27
F 25 33 34 35 36
F 26 33 37 38 34
F 27 33 36 39 37
F 28 40 38 37 39
F 29 40 35 34 38
F 30 40 39 36 35
F 31 41 42 43 44
F 32 41 45 46 42
F 33 41 44 47 45
F 34 48 46 45 47
F 35 48 43 42 46
F 36 48 47 44 43
F 37 49 50 51 52
F 38 49 53 54 50
F 39 49 52 55 53
F 40 56 54 53 55
F 41 56 51 50 54
F 42 56 55 52 51
F 43 57 58 59 60
F 44 57 61 62 58
F 45 57 60 63 61
F 46 64 62 61 63
F 47 64 59 58 62
F 48 64 63 60 59
F 49 65 66 67 68
F 50 65 69 70 66
F 51 65 68 71 69
F 52 72 70 69 71
F 53 72 67 66 70
F 54 72 71 68 67
F 55 73 74 75 76
F 56 73 77 78 74
F 57 73 76 79 77
F 58 80 78 77 79
F 59 80 75 74 78
F 60 80 79 76 75
F 61 81 82 83 84
F 62 81 85 86 82
F 63 81 84 87 85
F 64 88 86 85 87
F 65 88 83 82 86
F 66 88 87 84 83
F 67 89 90 91 92
F 68 89 93 94 90
F 69 89 92 95 93
F 70 96 94 93 95
F 71 96 91 90 94
F 72 96 95 92 91
* ZONES
* BLOCKS
B 1 F 1 2 3 4 5 6
B 2 F 7 8 9 10 11 12
B 3 F 13 14 15 16 17 18
B 4 F 19 20 21 22 23 24
B 5 F 25 26 27 28 29 30
B 6 F 31 32 33 34 35 36
B 7 F 37 38 39 40 41 42
B 8 F 43 44 45 46 47 48
B 9 F 49 50 51 52 53 54
B 10 F 55 56 57 58 59 60
B 11 F 61 62 63 64 65 66
B 12 F 67 68 69 70 71 72
* BLOCK GROUPS
BGROUP "BASE" SLOT "Default"
 11
BGROUP "TOP" SLOT "Default"
 12
* JOINT SET
JS 2 1-2
JS 3 1-3
JS 4 3-4 2-4 1-4
JS 5 2-5 4-5
JS 6 3-6 1-6 4-6
JS 7 2-7 6-7 5-7 4-7
JS 8 3-8 6-8
JS 9 8-9 7-9 6-9 4-9
JS 10 7-10 5-10 9-10
JS 11 2-11 1-11 7-11 6-11
JS 12 3-12 5-12 4-12 10-12 9-12 8-12
* JOINT GROUP
